  File: lanh
  Size: 4096      	Blocks: 8          IO Block: 4096   directory
Device: 818h/2072d	Inode: 2490387     Links: 2
Access: (0755/drwxr-xr-x)  Uid: ( 1000/   toanh)   Gid: ( 1000/   toanh)
Access: 2020-10-28 08:56:39.587746852 +0700
Modify: 2020-10-28 08:56:39.583746848 +0700
Change: 2020-10-28 08:56:39.583746848 +0700
 Birth: -
